% (a)
% T1 = (100 + T2 + T4 + 50) / 4
% T2 = (100 + T3 + T5 + T1) / 4
% T3 = (100 + 50 + T6 + T2) / 4
% T4 = (T1 + T5 + T7 + 50) / 4
% T5 = (T2 + T6 + T8 + T4) / 4
% T6 = (T3 + 50 + T9 + T5) / 4
% T7 = (T4 + T8 + 0 + 50) / 4
% T8 = (T5 + T9 + 0 + T7) / 4
% T9 = (T6 + 50 + 0 + T8) / 4

% (b)
% T1 - T2/4 - T4/4                = 75/2
% -T1/4 + T2 - T3/4 - T5/4        = 25
% -T2/4 + T3 - T6/4               = 75/2
% -T1/4 + T4 - T5/4 - T7/4        = 25/2
% -T2/4 - T4/4 + T5 - T6/4 - T8/4 = 0
% -T3/4 - T5/4 + T6 - T9/4        = 25/2
% -T4/4 + T7 - T8/4               = 25/2
% -T5/4 - T7/4 + T8 - T9/4        = 0
% -T6/4 - T8/4 + T9               = 25/2

c = -1/4;
A = [1 c 0 c 0 0 0 0 0
     c 1 c 0 c 0 0 0 0
     0 c 1 0 0 c 0 0 0
     c 0 0 1 c 0 c 0 0
     0 c 0 c 1 c 0 c 0
     0 0 c 0 c 1 0 0 c
     0 0 0 c 0 0 1 c 0
     0 0 0 0 c 0 c 1 c
     0 0 0 0 0 c 0 c 1];
b = [75/2; 25; 75/2; 25/2; 0; 25/2; 25/2; 0; 25/2];
% (c)
x = A\b

